15. m分散度

請輸入一個整數m，及一串整數序列。
計算此序列的m分散度，
輸出該m分散度的連續子序列總數，及其所有已排序且不重複的連續子序列，
不需考慮連續子序列總數為零的狀況。

m分散度的連續子序列定義為：
序列中可分成多個長度為m且index連續的子序列，而子序列中的數字要為不重覆數字。

例如：
m = 3，整數序列為 {1, 2, 3, 5, 4, 5, 4}，
可分割成{1, 2, 3}, {2, 3, 5}, {3, 5, 4}, {5, 4, 5}, {4, 5, 4}個index連續的子序列，
而分割後的子序列中的數字為不重複數字的子序列為 {1, 2, 3}, {2, 3, 5}, {3, 5, 4}，
因此 3分散度的連續子序列總數為 3 個。

連續子序列排序方式:
子序列以{x, y, z}為例，
以 x 值小到大進行排序，若 x 值相同，以 y 值小到大進行排序，以此類推。


---------------------------------------------------

輸入說明:
第一行輸入一整數m (3 <= m <= 10)，代表m分散度。
第二行輸入一串長度為 a 的整數序列 ( m <= a <= 20)，數字間以空白字元相隔開，其序列中的整數 b 大小為 0 <= b <= 9。

輸出說明:
第一行輸出該整數序列的m分散度的連續子序列總數。
其後n行，每行輸出已排序後且不重複的一組連續子序列，整數間以空格符號分開輸出。

---------------------------------------------------

範例輸入1：
3
1 2 3 5 4 5 4

範例輸出1：
3
1 2 3
2 3 5
3 5 4

---------------------------------------------------

範例輸入2：
5
1 5 9 6 3 4 8 1 4 5 5 6 4 6

範例輸出2：
4
1 5 9 6 3
5 9 6 3 4
6 3 4 8 1
9 6 3 4 8

---------------------------------------------------

範例輸入3：
3
1 2 3 1 2 3 1 2 3 4

範例輸出3：
8
1 2 3
2 3 1
2 3 4
3 1 2

---------------------------------------------------

範例輸入4：
10
1 2 0 3 6 5 4 9 8 7 1 2 0 3 6 5 4 9 8 7

範例輸出4：
11
0 3 6 5 4 9 8 7 1 2
1 2 0 3 6 5 4 9 8 7
2 0 3 6 5 4 9 8 7 1
3 6 5 4 9 8 7 1 2 0
4 9 8 7 1 2 0 3 6 5
5 4 9 8 7 1 2 0 3 6
6 5 4 9 8 7 1 2 0 3
7 1 2 0 3 6 5 4 9 8
8 7 1 2 0 3 6 5 4 9
9 8 7 1 2 0 3 6 5 4

---------------------------------------------------

範例輸入5：
4
0 1 2 3 2 1 4 5 6 5 4 7 8 9 8 7 0

範例輸出5：
8
0 1 2 3
1 4 5 6
2 1 4 5
3 2 1 4
4 7 8 9
5 4 7 8
6 5 4 7
9 8 7 0

---------------------------------------------------

範例輸入6：
3
0 1 2 3 3 2 1 2 3 1 2 6 7 8 7 9

範例輸出6：
10
0 1 2
1 2 3
1 2 6
2 3 1
2 6 7
3 1 2
3 2 1
6 7 8
8 7 9